100007
100018
100020
100022
100025
100036
100039
100040
100052
100055
100058
100059
100064
100067
100072
100079
100080
100082
100100
100105
100108
100129
100139
100140
100144
100156
100166
100192
100194
100195
100197
100206
100207
100213
100215
100221
100228
100231
100235
100236
100243
100247
100258
100264
100276
100277
100279
100282
100290
100295
100317
100321
100325
100336
100337
100348
100359
100368
100375
100380
100382
100392
100394
100399
100409
100413
100418
100423
100427
100432
100434
100442
100447
100448
100462
100474
100478
100485
100488
100490
100497
100500
100501
100516
100518
100525
100526
100531
100532
100544
100545
100553
100559
100567
100568
100572
100575
100589
100599
100604
